640 480
70765
13
627
13
626
14
627
13
298
33
1
1
1
1
51
28
1
1
1
1
41
36
132
12
299
45
43
38
35
36
132
12
299
48
40
42
31
36
132
12
299
51
37
44
29
36
132
12
166
11
122
53
35
47
26
36
132
12
166
11
122
54
34
48
25
36
132
12
166
11
122
56
32
50
23
36
132
12
166
11
122
57
31
51
22
36
132
12
166
11
122
57
31
52
21
36
133
11
166
11
122
58
30
53
20
36
133
11
166
11
122
59
29
54
31
12
144
12
166
11
122
12
28
20
28
12
22
21
30
12
145
11
166
11
122
11
32
17
28
11
26
19
29
12
145
11
166
11
122
12
33
15
28
12
27
17
29
12
145
10
167
11
121
12
35
15
26
12
30
16
28
12
145
11
166
11
122
12
35
14
27
12
31
15
27
12
145
10
167
11
122
11
37
13
27
11
32
15
27
12
145
10
167
11
122
12
36
13
27
12
32
14
27
12
145
10
167
11
122
11
38
12
27
11
34
14
26
12
145
10
167
11
122
12
37
13
26
12
34
13
26
12
145
10
167
11
122
11
38
12
27
11
35
13
26
12
145
10
167
11
122
12
37
12
27
12
35
13
25
12
103
1
1
5
1
1
34
9
47
1
1
1
1
5
1
1
61
1
1
6
1
1
38
11
122
11
38
12
27
11
36
13
25
12
97
20
28
10
43
19
51
21
33
11
122
12
37
12
27
12
35
13
25
12
94
26
26
9
40
26
44
29
20
43
98
11
38
12
27
11
37
12
25
12
91
32
23
9
37
31
39
35
17
44
97
12
37
12
27
12
36
12
25
12
89
37
20
9
36
33
37
38
15
43
98
11
38
12
27
11
36
13
25
12
88
40
18
8
35
37
33
42
13
44
97
12
37
11
28
12
36
12
25
12
86
43
17
9
32
40
31
43
13
43
97
12
37
12
27
12
37
12
25
12
85
44
17
8
32
42
28
46
12
44
97
12
36
12
28
12
36
12
25
12
84
45
17
8
31
44
27
45
13
43
98
11
36
12
29
11
36
13
25
12
83
46
17
8
30
46
25
46
13
44
97
12
35
11
30
12
36
12
25
12
82
18
13
16
17
8
29
18
13
17
23
17
14
17
12
43
98
11
35
11
31
11
36
13
25
12
81
16
19
13
53
15
19
16
21
15
20
13
13
44
97
12
32
13
31
12
35
13
25
12
80
16
23
10
52
15
22
14
21
13
25
10
21
11
122
11
32
13
32
11
36
12
26
12
79
15
26
9
52
13
26
13
19
13
29
8
20
11
122
12
29
13
34
12
35
12
26
12
79
13
31
6
51
12
29
12
19
12
32
5
21
11
122
11
26
1
1
14
35
11
35
13
26
12
78
13
33
5
50
13
30
12
17
12
35
3
21
11
122
52
36
12
34
13
26
12
78
13
35
3
50
11
32
12
17
12
36
3
20
11
122
50
38
11
34
13
27
12
77
13
37
2
49
12
33
12
16
11
60
11
122
49
39
12
32
14
27
12
76
13
39
1
49
11
35
11
16
11
60
11
122
51
37
11
32
14
28
12
76
12
89
11
36
11
15
12
60
11
122
54
34
12
31
14
28
12
76
12
89
11
37
10
16
11
60
11
121
57
31
12
30
15
29
12
75
12
89
11
38
11
14
12
60
11
122
58
30
12
28
16
29
12
75
12
89
11
38
11
15
11
60
11
122
60
28
11
27
17
30
12
75
12
89
10
39
11
15
12
59
11
122
61
27
12
24
19
30
12
74
12
90
10
40
10
15
12
59
11
122
62
26
11
20
1
1
20
32
12
74
12
89
11
39
11
15
13
58
11
122
63
25
53
32
12
74
12
89
11
40
11
14
13
58
11
122
12
31
1
1
19
24
52
33
12
74
11
90
10
41
10
15
15
56
11
122
12
36
17
23
50
35
12
74
11
90
10
41
11
15
16
54
11
122
11
38
17
22
49
36
12
73
12
89
63
15
18
52
11
122
12
39
15
22
49
36
12
73
12
89
63
16
21
48
11
122
11
42
14
21
46
39
12
73
12
89
63
16
25
44
11
122
12
42
13
21
45
40
12
73
12
89
63
17
30
38
11
122
11
43
14
20
43
42
12
73
12
89
63
17
34
34
11
122
12
43
13
20
40
45
12
73
11
90
63
19
35
31
11
121
12
45
12
19
37
49
12
73
12
89
63
20
37
28
11
122
12
44
13
19
26
1
2
1
1
54
12
73
11
90
63
21
38
26
11
122
11
45
13
19
12
73
12
73
12
89
63
23
37
25
11
122
12
45
12
19
12
73
12
73
11
90
11
77
36
24
11
122
11
46
12
19
11
74
12
73
12
89
11
80
35
22
11
122
12
45
12
19
12
73
12
73
12
89
11
83
32
22
11
122
11
46
12
19
11
74
12
73
11
90
12
86
29
21
11
122
12
45
13
18
12
73
12
73
12
89
11
93
24
20
11
122
11
46
12
19
11
74
12
73
12
89
12
96
20
20
11
122
12
45
12
19
12
73
12
73
12
89
12
100
17
19
11
122
11
46
12
19
11
74
12
74
11
90
11
102
15
19
11
122
12
45
12
19
12
73
12
74
11
90
11
104
14
18
11
122
11
46
12
19
11
74
12
73
13
89
12
104
13
18
11
122
12
45
12
19
12
73
12
74
12
89
12
105
12
18
12
120
12
45
13
18
12
74
12
74
12
89
12
105
12
18
11
122
12
44
13
19
12
73
12
75
12
89
12
104
12
18
11
122
11
44
13
20
11
74
12
74
13
89
12
105
11
18
12
121
12
43
13
20
12
73
12
75
12
89
13
104
11
18
11
122
11
43
14
20
11
74
12
75
13
89
12
103
12
18
12
121
12
42
13
21
12
73
12
76
12
89
13
103
11
18
12
121
11
41
15
21
11
74
12
76
13
39
1
48
13
60
1
41
12
19
11
121
12
40
14
22
12
73
12
77
13
37
2
49
13
42
2
15
2
40
12
19
11
121
11
39
16
22
11
74
12
77
13
36
3
49
14
40
3
15
4
38
11
19
13
120
12
36
17
23
12
73
12
78
13
33
5
50
14
38
4
15
6
36
11
20
12
120
11
34
19
24
11
74
12
78
15
29
7
51
15
33
7
15
7
34
12
20
13
119
12
29
23
24
12
73
12
79
15
27
8
51
16
31
9
14
10
30
12
22
12
119
63
25
11
74
12
80
15
23
11
52
17
26
11
15
12
26
14
22
13
118
62
26
12
61
36
68
17
19
13
53
18
21
14
15
15
21
15
23
14
18
1
97
61
27
12
62
36
69
19
12
17
54
20
14
18
15
19
14
17
25
15
12
6
97
60
28
12
61
36
70
47
55
51
15
50
25
32
98
58
30
11
62
36
71
46
56
50
15
49
27
32
97
56
32
12
61
36
72
45
57
50
14
48
28
31
98
55
33
11
62
36
74
43
59
47
15
46
31
31
97
52
36
12
61
36
75
41
61
45
17
44
33
29
98
50
38
11
62
36
77
36
66
40
23
39
36
29
97
46
42
12
61
36
79
32
70
35
28
36
39
26
98
36
1
1
1
1
48
11
62
36
81
27
76
29
34
30
43
26
379
20
82
23
41
23
49
20
386
1
1
6
1
1
93
1
1
1
1
5
1
1
54
1
1
7
1
1
59
1
1
5
1
1
37915
1
1
7
1
1
1
1
622
26
610
34
35
12
48
11
25
28
1
1
1
1
45
60
21
30
1
1
1
1
106
13
161
41
32
11
47
12
25
38
39
61
20
40
100
13
159
46
28
12
48
11
25
42
35
60
21
44
95
14
157
51
25
12
47
12
25
44
33
61
20
46
94
13
156
55
23
11
48
11
25
47
30
60
21
48
91
14
154
57
22
12
47
12
25
48
29
61
20
50
90
13
153
58
23
11
48
11
25
50
27
60
21
51
89
13
152
59
22
12
47
12
25
51
26
61
20
53
87
13
151
60
23
11
48
11
25
52
25
60
21
54
85
14
150
21
17
23
22
12
47
12
25
53
24
61
20
55
85
13
149
18
26
18
23
11
48
11
25
54
23
60
21
55
85
13
148
17
31
15
22
12
47
12
25
12
22
21
22
12
69
12
24
20
84
13
148
15
36
12
23
11
48
11
25
11
26
19
21
11
70
11
28
18
83
12
148
15
40
9
22
12
47
12
25
12
27
17
21
12
69
12
29
17
82
13
146
15
43
7
23
11
48
11
24
12
30
16
19
12
69
12
31
16
82
12
147
14
46
5
22
12
47
12
25
12
31
15
19
12
69
12
32
15
81
13
146
13
48
4
23
11
48
11
25
11
32
15
19
11
70
11
34
14
81
12
146
13
51
2
22
12
47
12
25
12
32
14
19
12
69
12
33
14
81
12
146
13
52
1
23
11
48
11
25
11
34
14
18
11
70
11
35
14
80
13
145
12
76
12
47
12
25
12
34
13
18
12
69
12
35
13
80
12
146
12
77
11
48
11
25
11
35
13
18
11
70
11
36
13
80
12
145
13
76
12
47
12
25
12
35
13
17
12
69
12
35
13
80
13
144
13
77
11
48
11
25
11
36
13
17
11
70
11
37
12
80
12
145
13
76
12
47
12
25
12
35
13
17
12
69
12
36
12
80
12
145
12
78
11
48
11
25
11
37
12
17
11
70
11
36
13
80
12
145
13
76
12
47
12
25
12
36
12
17
12
69
12
36
12
80
12
145
13
77
11
48
11
25
11
36
13
17
11
70
11
37
12
80
12
145
13
76
12
47
12
25
12
36
12
17
12
69
12
36
12
80
12
146
12
77
11
48
11
24
12
37
12
16
12
69
12
37
12
80
12
146
13
75
12
47
12
25
12
36
12
17
12
69
12
36
12
80
12
145
14
76
11
48
11
25
11
36
13
17
11
70
11
36
13
80
12
146
14
74
12
47
12
25
12
36
12
17
12
69
12
35
13
80
12
146
14
75
11
48
11
25
11
36
13
17
11
70
11
36
12
81
12
147
14
73
12
47
12
25
12
35
13
17
12
69
12
35
12
81
12
147
15
73
11
48
11
25
11
36
12
18
11
70
11
35
13
81
12
147
17
70
12
47
12
25
12
35
12
18
12
69
12
34
13
82
11
148
18
69
11
48
11
25
11
35
13
18
60
21
11
35
12
82
12
148
21
65
12
47
12
25
12
34
13
18
61
20
12
33
13
83
11
149
24
62
11
48
11
25
11
34
13
19
60
21
11
33
13
83
12
150
29
55
12
47
12
25
12
32
14
19
61
20
12
31
14
84
11
150
34
51
11
48
11
25
11
32
14
20
60
21
11
31
14
84
12
151
39
44
12
47
12
25
12
31
14
20
61
20
12
29
15
85
11
153
41
41
11
48
11
24
12
30
15
20
61
20
12
28
16
86
11
154
44
36
12
47
12
25
12
28
16
21
61
20
12
25
17
87
11
155
45
35
11
48
11
25
11
27
17
22
60
21
11
22
20
87
12
157
46
31
12
47
12
25
12
24
19
22
61
20
52
89
11
158
47
30
11
48
11
25
11
20
1
1
20
24
60
21
51
90
11
161
45
28
12
47
12
25
53
24
12
69
50
91
11
163
45
27
11
48
11
25
52
25
11
70
48
93
11
167
42
25
12
47
12
25
50
27
12
69
47
94
11
171
39
25
11
48
11
25
49
28
11
70
45
96
11
177
34
23
12
47
12
25
49
28
12
69
42
99
11
182
30
23
11
48
11
25
46
31
11
70
42
99
10
189
25
21
12
47
12
25
45
32
12
69
42
99
11
191
22
22
11
48
11
25
43
34
11
70
43
98
10
196
19
20
12
47
12
25
40
37
12
69
44
97
11
197
17
21
11
48
11
24
37
40
12
69
13
18
15
96
10
200
15
20
12
47
12
25
26
1
2
1
1
46
12
69
12
19
15
95
11
200
15
20
11
48
11
25
12
65
11
70
11
21
14
95
10
202
14
20
11
47
12
25
12
65
12
69
12
21
14
94
10
202
14
19
12
47
12
25
11
66
11
70
11
22
15
93
11
202
14
19
12
46
12
25
12
65
12
69
12
22
15
92
10
204
12
20
11
47
12
25
11
66
11
70
11
24
15
91
10
204
13
19
12
46
12
25
12
65
12
69
12
24
15
90
10
204
13
19
12
46
12
25
11
66
11
70
11
26
15
89
10
204
13
19
12
46
12
25
12
65
12
69
12
26
14
89
11
203
13
19
12
46
11
26
11
66
11
70
11
27
15
88
10
205
12
19
12
45
12
26
12
65
12
69
12
27
15
301
13
20
11
45
12
26
11
66
11
70
11
29
15
301
12
20
12
44
12
26
12
65
12
69
12
29
15
299
12
21
12
44
12
25
12
65
12
69
12
31
15
298
12
21
12
43
13
26
12
65
12
69
12
31
15
239
1
57
12
21
13
42
12
27
11
66
11
70
11
32
15
239
2
56
12
22
12
41
13
27
12
65
12
69
12
32
15
238
3
54
12
23
13
40
13
27
11
66
11
70
11
34
15
237
5
51
13
23
13
39
13
28
12
65
12
69
12
34
15
235
7
50
13
24
13
38
13
28
11
66
11
70
11
36
15
235
8
47
13
25
14
36
14
28
12
65
12
69
12
36
15
234
10
44
14
26
14
34
14
29
11
66
11
70
11
37
16
233
12
40
15
27
15
31
15
30
12
65
12
69
12
38
15
231
16
36
15
29
15
29
16
30
11
66
11
70
11
39
15
75
12
145
18
31
17
29
17
26
16
31
12
65
12
69
12
39
15
74
12
145
21
25
19
31
18
21
19
31
11
66
61
20
11
41
15
73
12
145
26
17
21
33
21
14
21
32
12
65
60
21
12
41
15
72
12
144
64
35
54
32
12
65
62
19
12
43
15
71
12
145
63
36
52
34
12
65
60
21
12
42
16
70
12
145
61
38
51
35
11
66
61
20
11
44
15
70
12
145
60
41
48
36
12
65
60
21
12
44
15
69
12
147
56
44
45
38
11
66
61
20
11
46
15
68
12
150
51
48
42
39
12
65
60
21
12
46
15
67
12
153
46
51
39
41
11
66
61
20
11
48
15
66
12
156
42
54
36
42
12
65
60
21
12
48
15
65
12
159
35
61
30
45
11
66
61
20
11
49
16
64
12
164
26
1
1
67
22
530
1
1
1
1
7
1
1
80
1
1
6
1
1
1
1
74054
